              precision    recall  f1-score   support

           1       0.44      0.67      0.53         6
           2       0.56      0.83      0.67         6
           3       0.80      0.67      0.73         6
           4       0.75      0.50      0.60         6
           5       0.60      1.00      0.75         6
           6       0.71      0.83      0.77         6
           7       0.50      0.50      0.50         6
           8       0.80      0.67      0.73         6
           9       0.40      0.33      0.36         6
          10       1.00      0.67      0.80         6
          11       0.83      0.83      0.83         6
          12       0.44      0.67      0.53         6
          13       0.86      1.00      0.92         6
          14       0.80      0.67      0.73         6
          15       0.83      0.83      0.83         6
          16       1.00      0.83      0.91         6
          17       1.00      0.67      0.80         6
          18       1.00      0.83      0.91         6
          19       1.00      0.67      0.80         6
          20       1.00      1.00      1.00         6
          21       1.00      0.83      0.91         6
          22       0.83      0.83      0.83         6
          23       0.86      1.00      0.92         6
          24       1.00      0.83      0.91         6
          25       0.83      0.83      0.83         6
          26       1.00      1.00      1.00         6

    accuracy                           0.77       156
   macro avg       0.80      0.77      0.77       156
weighted avg       0.80      0.77      0.77       156
